lorenz:
1.e-10   8.73   6.2e-02
1.e-11  10.11   3.3e-03
1.e-12  11.54   2.0e-04
1.e-13  12.74   5.8e-06
1.e-14  15.04   6.4e-06
1.e-15  17.81   3.7e-06
1.e-16  50.47   1.9e-06

pepe:
1.e-10   1.49   6.9e-10
1.e-11   1.70   4.9e-11
1.e-12   1.93   1.7e-12
1.e-13   2.17   9.1e-14
1.e-14   2.36   4.4e-15
1.e-15   2.68   3.1e-15
1.e-16   3.09   1.1e-14

rtbp:
1.e-10   1.74   1.8e-09
1.e-11   2.02   9.2e-11
1.e-12   2.43   2.4e-11
1.e-13   2.74   3.7e-13
1.e-14   3.14   1.5e-13
1.e-15   3.71   2.4e-13
1.e-16   4.85   1.3e-13
