lorenz:
1.e-10   7.61   3.1e-06
1.e-11   7.99   4.4e-07
1.e-12   8.40   4.8e-08
1.e-13   8.80   3.3e-08
1.e-14   9.22   3.4e-08
1.e-15   9.75   9.2e-09
1.e-16  10.75   7.5e-09

pepe:
1.e-10   0.38   2.8e-13
1.e-11   0.42   2.1e-14
1.e-12   0.44   7.6e-15
1.e-13   0.47   1.2e-15
1.e-14   0.48   8.7e-16
1.e-15   0.52   5.8e-16
1.e-16   0.59   3.8e-16

rtbp: 
1.e-10   1.68   6.2e-12
1.e-11   1.86   4.6e-13
1.e-12   2.08   4.4e-14
1.e-13   2.27   7.2e-15
1.e-14   2.50   4.2e-15
1.e-15   2.82   1.7e-15
1.e-16   3.26   5.8e-15
