lorenz:
1.e-10   7.01   5.9e-03
1.e-11   8.91   5.0e-04
1.e-12  11.65   4.3e-05
1.e-13  15.31   3.7e-06
1.e-14  20.19   1.2e-06
1.e-15  26.76   8.9e-07
1.e-16  35.51   9.5e-07

pepe:
1.e-10   0.62   3.4e-11
1.e-11   0.78   3.6e-12
1.e-12   1.03   3.1e-13
1.e-13   1.38   2.7e-14
1.e-14   1.83   2.3e-15
1.e-15   2.45   2.1e-15
1.e-16   3.24   3.2e-15

rtbp:
1.e-10   1.43   1.1e-09
1.e-11   1.84   9.4e-11
1.e-12   2.44   8.6e-12
1.e-13   3.24   8.0e-13
1.e-14   4.32   7.5e-14
1.e-15   5.73   9.9e-15
1.e-16   7.63   2.0e-15
